Row Numbers:
21
23
30
37
38
39
42
67
69
71
72
86
90
102
115
123
129
137
138
145
151
161
168
172
197
199
206
219
241
242
243
245
246
249
268
280
296
298
309
315
316
327
342
360
368
376
383
389
406
407
418
426
440
478
487
489
490
492
493
495
496
504
506
513
517
521
533
547
552
559
561
565
573
574
576
577
601
610
612
613
614
621
622
625
626
645
646
649
651
653
655
657
663
664
665
667
701
708
711
714
733
737
746
747
750
777
788
807
815
817
822
839
841
852
854
856
865
875
881
884
898
901
902
914
915
927
937
938
945
953
954
963
975
981
988
991
1002
1003
1006
1007
1035
1039
1043
1055
1056
1057
1060
1067
1070
1074
1075
1082
1085
1086
1094
1104
1110
1111
1112
1113
1114
1116
1122
1139
1140
1141
1142
1143
1145
1146
1147
1148
1149
1155
1156
1157
1158
1159
1160
1161
1162
1163
1164
1165
1166
1167
1168
1169
1170
1191
1192
1194
1198
1199
1222
1224
1227
1233
1234
1235
1238
1241
1252
1255
1260
1295
1303
1304
1306
1307
1316
1320
1329
1369
1376
1378
1379
1382
1383
1385
1386
1387
1389
1394
1396
1403
1415
1418
1442
1455
1462
1464
1469
1470
1472
1475
1478
1484
1488
1493
1514
1544
1547
1548
1551
1552
1555
1560
1561
1584
1585
1586
1594
1603
1612
1613
1614
1616
1625
1630
1642
1651
1654
1658
1661
1662
1668
1693
1696
1701
1710
1711
1713
1736
1748
1749
1763
1764
1766
1771
1781
1787
1795
1815
1819
1820
1822
1841
1847
1863
1890
1894
1896
1897
1898
1899
1900
1902
1911
1913
1914
1915
1916
1917
1918
1920
1921
1922
1923
1924
1925
1926
1929
1930
1950
1961
1975
1982
2006
2008
2034
2035
2041
2044
2049
2053
2056
2063
2064
2065
2066
2067
2068
2069
2070
2071
2072
2073
2074
2075
2076
2077
2087
2090
2092
2122
2132
2135
2155
2177
2185
2216
2219
2227
2228
2235
2249
2264
2265
2271
2280
2282
2306
2308
2309
2312
2316
2318
2324
2336
2338
2339
2341
2343
2344
2345
2363
2378
2380
2396
2409
2411
2417
2418
2424
2428
2430
2437
2441
2442
2443
2444
2449
2450
2458
2460
2471
2472
2475
2491
2500
2503
2506
2516
2522
2523
2527
2528
2534
2541
2548
2550
2552
2553
2555
2562
2589
2598
2599
2600
2609
2630
2632
2651
2663
2664
2665
2678
2680
2697
2698
2706
2707
2708
2721
2750
2768
2775
2777
2778
2791
2808
2812
2815
2824
2827
2834
2836
2856
2858
2859
2860
2861
2869
2872
2885
2893
2894
2900
2902
2904
2906
2938
2948
2949
2951
2958
2973
2985
2987
3022
3023
3024
3028
3034
3037
3041
3046
3047
3055
3059
3074
3077
3078
3083
3094
3109
3110
3113
3120
3121
3122
3123
3124
3125
3127
3128
3129
3130
3132
3134
3137
3147
3150
3151
3156
3158
3165
3183
3192
3194
3200
3205
3208
3210
3211
3217
3218
3222
3223
3224
3225
3226
3232
3235
3236
3246
3248
3257
3260
3262
3274
3288
3304
3305
3317
3318
3337
3338
3347
3359
3384
3393
3404
3405
3417
3432
3433
3438
3445
3446
3447
3451
3452
3457
3489
3490
3503
3505
3509
3514
3527
3530
3535
3546
3550
3555
3561
3569
3570
3571
3580
3587
3595
3596
3613
3638
3640
3658
3664
3667
3678
3688
3691
3716
3719
3725
3731
3732
3733
3741
3744
3746
3748
3759
3763
3765
3766
3770
3772
3777
3787
3804
3816
3820
3823
3830
3831
3832
3834
3835
3836
3837
3841
3842
3844
3849
3850
3863
3884
3902
3922
3924
3929
3938
3944
3952
3954
3955
3957
3958
3969
3970
3990
3991
3993
3995
4012
4016
4019
4027
4028
4035
4037
4047
4048
4056
4068
4072
4085
4089
4183
4203
4329
4354
4430
4433
4470
4493
4500
4503
4524
4530
4537
4538
4544
4546
4548
4564
4565
4567
4568
4570
4572
4633
4678
4682
4695
4712
4723
4773
5061
5081
5097
5130
5134
5135
5144
5149
5156
5167
5199
5208
5241
5243
5249
5270
5293
5320
5336
5382
5437
5458
5554
5560
5571
5607